"H1"||"H"||1||0|||33|||33||0|0|0|0|0|0|100|100|100|100|100|100|95|97.5|100|85|92.5|100||10|||0|||1|||2|||4|||3|||59||||||||28|31|35||||3|4.5|6||||1.2|1.4|1.6|||||1.6|||4.23|9.17|14.11|0.2|0.23|0.26|||||34.5|||22.9|||43||3|4.5|5.9|35|45|55|10|20|30|8|20|34|".28"|".28"|0|0|0|0|0|0|0|0|0|0|0|0|17|27|37||||10|21|33|6.1|6.7|7.3||||||||||2.9|6.2|9.4|||||||||||||||||||||"22552851"|"66692651"
"H2"||"H"||2||33|||76|||43||0|0|0|0|0|0|100|100|100|100|100|100|90|95|100|80|90|100||10|||0|||1|||2|||4|||3|||56||||||||20|34|35||||1|2|3||||1.4|1.5|1.6|||||1.71|||4.23|9.17|14.11|0.18|0.2|0.21|||||34.6|||23|||40||3|4.5|5.9|25|45|65|4|22|40|1|21|46|".32"|".32"|0|0|0|0|0|0|0|0|0|0|0|0|10|18.5|27||||7|17|24|6.6|7.2|7.8||||||||||0|3|5.9|||||||||||||||||||||"22552851"|"66692652"
"H3"||"H"||3||76|||114|||38||0|0|0|0|1|1|95|97.5|100|90|95|100|85|90|95|55|67.5|80||41|||3|||5|||10|||15|||8|||40||||||||15|19|35||||0.5|0.75|1||||1.5|1.6|1.7|||||1.83|||4.23|9.17|14.11|0.12|0.14|0.16|||||27.4|||12.8|||36||3|4.5|5.9|20|35|50|5|17.5|30|0|9|24|".43"|".43"|0|13|25|0|0|0|0|0|0|0|0|0|7|15|23||||5|13|21|6.6|7.2|7.8||||||||||0|2.1|4.8|||||||||||||||||||||"22552851"|"66692653"
"H4"||"H"||4||114|||152|||38||0|1|1|0|2|3|90|95|100|85|91.5|98|75|82.5|90|45|57.5|70||45|||2|||3|||12|||18|||10|||40||||||||12|15|18||||0.5|0.75|1||||1.7|1.8|1.9|||||1.89|||0.42|0.92|1.41|0.02|0.07|0.12|||||25.4|||11.1|||28||0|1.5|2.9|15|22.5|30|0|7.5|15|0|1|8|".43"|".43"|15|28|40|0|0|0|0|0|0|0|0|0|6|9.5|13||||5|9|12|7.4|7.9|8.4||||||||||0|0|1.5|||||||||||||||||||||"22552851"|"66692654"
"Ap"||"A"|||0|0|0|18|26|28|18|26|28|0|0|0|0|0|0|95|100|100|85|100|100|74|95|100|58|76|90|6|29|37|0|1.1|4|1|2.3|5|1|5.8|9|2|11.2|17|1|8.6|14|50|56|81|14|16|56|5|40|48|7|15|26|0|0|0|1|2.5|3||||1.39|1.42|1.46||||1.44|1.47|1.53||4.23|9.17|14.11|0.17|0.21|0.26||||18.9|27.4|32.1|4.9|11.9|18.6|39|44|45|0.4|1.2|2.6|20|31|42|3|9|18|0|5|17|".37"|".37"|0|0|0|0|0|0|0|0|0|0|0|2|3.8|8.2|14.1||||3|8.2|22.1|6|7.2|7.3||||||||||0|1.8|6.8|||||||||||||||||||||"22552793"|"66692482"
"Btg"||"B"|||18|26|28|31|42|56|13|16|28|0|0|0|0|0|0|95|100|100|84|100|100|73|96|100|59|84|97|8|20|28|0|0.9|2|0|1.7|3|1|3.9|4|1|7.1|10|1|6.4|8|32|51|65|6|22|31|5|29|46|27|29|40|0|0|0|1|1.5|2||||1.3|1.36|1.42||||1.43|1.49|1.6||4.23|9.17|14.11|0.14|0.21|0.21||||24.3|31.5|36.5|10.1|17.6|26.7|40|46|49|1.9|3|5.2|38|41|53|18|20|28|8|16|31|".43"|".43"|0|0|0|0|0|0|0|0|0|0|0|2|9.7|15.6|24.1||||4.9|15|32.1|5.4|6.9|7.3||||||||||0.8|3.5|10|||||||||||||||||||||"22552793"|"66692483"
"2Bt"|2|"B"|||31|42|56|56|73|84|25|31|35|0|0|0|0|0|0|95|98|100|85|96|100|67|88|100|45|64|81|20|39|45|0|2.4|4|1|3.7|6|0|8.1|9|0|14.7|18|1|10.1|12|15|30|53|12|12|18|6|18|36|27|31|40|0|0|0|0.5|0.75|1||||1.31|1.42|1.52||||1.45|1.56|1.71||4.23|9.17|14.11|0.07|0.17|0.17||||23.7|31.9|37.9|9.3|19|29.8|37|44|48|1.7|3.2|5.4|36|42|52|18|22|29|4|11|24|".32"|".32"|0|0|0|0|0|0|0|0|0|0|0|2|8.5|16.5|25.5||||5.2|15.8|33.5|5.8|6.8|7.3||||||||||0.2|3.5|8.4|||||||||||||||||||||"22552793"|"66692484"
"2BCt"|2|"BC"|||56|73|84|61|91|102|5|18|46|0|0|1|0|1|4|91|96|100|77|95|100|59|86|98|38|62|77|23|41|60|0|3|3|0|5|7|1|6|10|0|15|16|2|12|15|5|34|53|8|18|27|5|16|34|16|25|37|0|1|2|0.5|0.75|1||||1.42|1.48|1.54||||1.52|1.58|1.67||0.42|0.92|1.41|0.07|0.14|0.17||||21.5|29.3|34.7|8.4|15.3|23.2|33|41|44|1.1|2.2|4|27|36|48|9|17|26|0|8|20|".37"|".37"|0|20|40|0|0|0|0|0|0|0|0|2|8.5|12.8|18.6||||8.2|51.5|57.6|7.4|8|8.4||||||||||0|0|2.3|||||||||||||||||||||"22552793"|"66692485"
"2Cd"|2|"C"|||61|91|102|200|200|200|98|109|139|0|0|0|0|3|4|88|94|99|74|89|99|55|77|99|35|56|77|23|44|70|0|6|7|0|6|10|5|7|9|2|14|52|1|11|27|4|39|50|8|26|32|6|13|39|16|17|27|0|2|3|0|0.25|0.5||||1.61|1.76|1.91||||1.67|1.82|2||0.07|0.216|1.41|0.01|0.02|0.03||||18|25.2|31.9|8.9|11.2|26.6|21|30|38|0.9|1.1|3.1|25|27|38|9|10|19|0|2|13|".49"|".49"|15|30|55|0|0|0|0|0|0|0|0|2|7.9|8.1|17.9||||46.6|46.8|56.9|7.4|8.2|8.4||||||||||0|0|1.9|||||||||||||||||||||"22552793"|"66692486"
"2Btg2"|2|"B"||2|43|51|70|102|152|193||101||0|0|0|0|0|1|95|96|99|84|91|98|67|87|97|57|77|86|8|18|20|0|1|3|0|2|4|1|4|13|2|6|22|2|5|12|42|47|63|5|20|29|18|27|43|27|35|38|0|0|1|0.5|0.75|1||||1.41|1.44|1.46||||1.64|1.67|1.72||4.23|5.65|7.06|0.12|0.14|0.16||||24|31.8|34.3|9.9|20|22.9|37|40|43|2.4|4.9|5.7|37|46|50|18|25|27|3|18|24|".32"|".32"|0|0|45|0|0|0|0|0|0|0|0|2|14.7|27.2|28.9||||13.1|60.5|67.9|6.1|7.3|8.4||||||||||0|3.2|6.8|||||||||||||||||||||"22552794"|"66692487"
"2C"|2|"C"|||102|152|193|200|200|200||48||0|0|0|0|1|1|92|97|99|79|92|99|64|83|96|46|62|73|25|40|60|1|3|5|1|5|7|3|8|13|7|15|20|4|9|14|16|42|50|9|16|21|21|26|34|11|18|27|1|1|2|0.1|0.3|0.5||||1.73|1.76|1.78||||1.84|1.87|1.95||0.42|2.82|4.23|0.02|0.03|0.04||||20|27.6|30.3|6.7|13.7|19.7|26|30|32|0.8|1.7|3.3|21|29|37|6|11|18|0|5|11|".43"|".43"|2|30|31|0|0|0|0|0|0|0|0|2|8.1|15.1|19.7||||28.7|53.8|58.7|7.4|7.9|8.4||||||||||0|0.1|2|||||||||||||||||||||"22552794"|"66692488"
"Ap"||"A"|||0|0|0|25|30|43||30||0|0|0|0|0|0|100|100|100|96|100|100|91|96|100|82|86|93|10|17|20|0|1|5|1|2|4|1|4|4|3|5|11|2|5|9|46|55|63|12|19|28|31|36|48|27|28|35|0|0|0|2|3.5|5||||1.33|1.38|1.43||||1.5|1.55|1.62||4.23|9.17|14.11|0.2|0.2|0.26||||30.7|32.8|35.8|17|19.7|25.3|41|44|46|3.6|4|5.5|41|45|55|19|19|24|15|17|26|".24"|".24"|0|0|29|0|0|0|0|0|0|0|0|2|22.3|23.6|29.3||||19.5|21.9|68.3|5.6|6.5|7.3||||||||||3.1|6|9.6|||||||||||||||||||||"22552794"|"66692489"
"Btg1"||"B"||1|25|30|43|43|51|70||21||0|0|0|0|0|0|100|100|100|96|100|100|85|97|100|78|90|96|8|12|18|0|1|1|0|1|2|1|2|6|2|4|12|2|4|10|47|57|65|13|22|29|29|35|43|27|31|37|0|0|0|1|1.5|2||||1.27|1.33|1.39||||1.46|1.52|1.58||4.23|9.17|14.11|0.14|0.17|0.21||||27.6|31.9|34|12.7|18.2|22|43|46|48|3.6|4.5|5.8|39|44|51|19|22|26|10|21|28|".37"|".37"|0|0|41|0|0|0|0|0|0|0|0|2|21.7|25|29.7||||19.2|23.3|68.7|5.6|6.5|7.3||||||||||2.7|5.4|8.6|||||||||||||||||||||"22552794"|"66692490"
"2Cd"|2|"C"|||89|91|101|200|200|200|99|109|111|0|0|0|0|0|0|92|97|97|82|94|94|69|84|89|45|56|61|35|45|60|2|4|6|1|4|6|4|10|17|4|19|20|4|8|12|22|40|50|8|10|25|10|30|30|10|15|20|0|0|0|0|0.25|0.5||||1.74|1.82|1.89||||1.8|1.88|1.91||0.07|0.216|1.41|0.01|0.02|0.03||||20|25.8|28.8|6.3|10.9|14.8|24|29|32|0.6|1.1|1.6|21|26|31|6|9|13|0|2|5|".49"|".49"|20|33|45|0|0|0|0|0|0|0|0|2|5.1|7.9|10.6||||43.8|46.6|49.6|7.4|7.9|8.4||||||||||0|0|0.4|||||||||||||||||||||"22552795"|"66692491"
"Bt1"||"B"||1|8|20|25|28|33|45|11|13|18|0|0|0|0|0|0|95|98|99|86|96|98|79|92|98|68|80|89|5|20|20|0|1|2|0|2|4|2|5|6|4|7|10|2|5|7|45|53|66|10|17|40|20|36|45|24|27|35|0|0|0|0.5|0.75|1||||1.37|1.4|1.42||||1.48|1.51|1.57||4.23|9.17|14.11|0.16|0.18|0.2||||26.8|29.8|33|13|15.7|20.6|41|44|46|2.1|2.6|3.8|34|38|46|16|19|25|8|14|23|".37"|".37"|0|0|0|0|0|0|0|0|0|0|0|2|12.7|14.4|18.6||||7.4|11.9|18.5|5.1|5.9|7.3||||||||||1.1|5.7|9.1|||||||||||||||||||||"22552795"|"66692492"
"2Bt2"|2|"B"||2|28|33|45|49|79|85|20|46|57|0|0|0|0|1|5|91|98|99|80|95|97|71|88|95|55|69|75|15|31|40|1|2|4|1|3|5|2|7|10|4|12|15|2|7|10|25|38|54|8|16|25|10|22|30|27|31|35|0|0|0|0|0.25|0.5||||1.47|1.52|1.57||||1.62|1.67|1.71||4.23|9.17|14.11|0.07|0.14|0.21||||26.5|31.8|34|14.6|19.4|22.6|33|40|42|2.4|3.1|3.8|36|41|45|19|22|25|7|13|18|".32"|".32"|0|0|0|0|0|0|0|0|0|0|0|2|13.6|16.2|18.4||||7.8|13.6|18.3|5.1|5.5|7.3||||||||||1|6.9|8.7|||||||||||||||||||||"22552795"|"66692493"
"Ap"||"A"|||0|0|0|8|20|25|8|20|22|0|0|0|0|0|0|95|98|100|86|96|100|73|92|100|63|81|92|9.1|18|36.8|0|0.6|2|0|1.5|4|2|4.6|6|4|6.9|10|0|4.4|6|50|64|83|10|27|40|20|37|50|7|18|26.1|0|0|0|1|2|3||||1.42|1.44|1.47||||1.48|1.5|1.56||4.23|9.17|14.11|0.2|0.22|0.24||||19.1|27.7|32.3|5|12.8|18.9|39|42|44|0.4|1.4|2.6|20|32|42|3|12|18|0|8|18|".43"|".43"|0|0|0|0|0|0|0|0|0|0|0|2|3.8|9.8|14.2||||2.4|9.2|14.2|5.6|6.5|7.3||||||||||0|3.8|8|||||||||||||||||||||"22552795"|"66692494"
"2BCt"|2|"BC"|||49|79|85|89|91|101|5|12|20|0|0|0|0|1|4|91|97|98|80|91|95|67|84|90|48|61|67|35|38|55|1|2|4|1|4|6|2|10|14|4|13|20|3|9|12|25|40|50|8|17|25|10|23|30|15|22|25|0|0|0|0|0.25|0.5||||1.52|1.54|1.55||||1.61|1.63|1.66||1.41|2.82|4.23|0.07|0.12|0.17||||21.3|27.2|29.6|7.9|13.1|15.6|34|38|40|1|1.8|2.3|25|32|35|9|15|17|1|6|9|".43"|".43"|0|10|20|0|0|0|0|0|0|0|0|2|7.6|11.5|13.2||||6.8|50.2|52.2|6.6|7.4|7.8||||||||||0|0.4|3.2|||||||||||||||||||||"22552795"|"66692495"
"H3"||"H"||3||137|||178|||41||0|0|0|0|0|0|95|97.5|100|90|95|100|85|90|95|25|52.5|80||55|||2|||2|||14|||25|||12|||20||||||||18|25|33||||0.5|0.75|1||||1.4|1.55|1.7|||||1.78|||4.23|9.17|14.11|0.1|0.14|0.18|||||24.4|||16.8|||38||3|4.5|5.9|10|35|60|0|15|30|0|4|26|".24"|".24"|0|15|30|0|0|0|0|0|0|0|0|0|9|15.5|22||||5|13|20|6.1|7|7.8||||||||||0|2.7|6|||||||||||||||||||||"22552764"|"66692400"
"H4"||"H"||4||178|||203|||25||0|0|0|0|0|0|90|95|100|75|87.5|100|55|77.5|100|25|57.5|90||50|||2|||2|||12|||22|||12|||28||||||||15|22|30||||0.5|0.75|1||||1.5|1.6|1.7|||||1.68|||4.23|9.17|14.11|0.08|0.12|0.15|||||22.3|||14.6|||34||0|1.5|2.9|10|30|50|0|12.5|25|0|4|25|".28"|".28"|5|18|30|0|0|0|0|0|0|0|0|0|7|13.5|20||||6|12|18|7.4|7.9|8.4||||||||||0|0|2.2|||||||||||||||||||||"22552764"|"66692401"
"H1"||"H"||1||0|||43|||43||0|0|0|0|0|0|100|100|100|100|100|100|95|97.5|100|85|92.5|100||10|||1|||1|||2|||3|||3|||57||||||||28|33|35||||3|4.5|6||||1.2|1.4|1.6|||||1.6|||4.23|9.17|14.11|0.2|0.23|0.26|||||35.1|||23.9|||43||3|4.5|5.9|35|45|55|10|20|30|8|20|34|".24"|".24"|0|0|0|0|0|0|0|0|0|0|0|0|21|28|35||||10|20|32|5.6|6.5|7.3||||||||||3.3|6.8|10.6|||||||||||||||||||||"22552764"|"66692402"
"H2"||"H"||2||43|||137|||94||0|0|0|0|0|0|100|100|100|100|100|100|95|97.5|100|85|92.5|100||10|||1|||1|||2|||3|||3|||57||||||||20|33|35||||1|1.5|2||||1.4|1.5|1.6|||||1.71|||4.23|9.17|14.11|0.14|0.18|0.21|||||33.9|||21.8|||41||3|4.5|5.9|25|45|65|4|22|40|2|22|46|".37"|".37"|0|8|15|0|0|0|0|0|0|0|0|0|10|17.5|25||||5|13|22|5.6|6.7|7.8||||||||||0|4.1|8.1|||||||||||||||||||||"22552764"|"66692403"
"H1"||"H"||1||0|||28|||28||0|0|0|0|0|0|100|100|100|100|100|100|95|97.5|100|85|92.5|100||10|||1|||1|||2|||3|||3|||57||||||||28|33|35||||3|4.5|6||||1.2|1.4|1.6|||||1.6|||4.23|9.17|14.11|0.2|0.23|0.26|||||35.1|||23.9|||43||3|4.5|5.9|35|45|55|10|20|30|8|20|34|".24"|".24"|0|0|0|0|0|0|0|0|0|0|0|0|21|28|35||||13|21|32|6.1|6.7|7.3||||||||||3.3|6.3|9.2|||||||||||||||||||||"22552765"|"66692404"
"H2"||"H"||2||28|||112|||84||0|0|0|0|0|0|100|100|100|100|100|100|95|97.5|100|85|92.5|100||10|||1|||1|||2|||3|||3|||59||||||||28|31|35||||1|2|3||||1.4|1.5|1.6|||||1.71|||4.23|9.17|14.11|0.14|0.18|0.21|||||33.6|||21.2|||40||3|4.5|5.9|40|52.5|65|20|30|40|17|30|46|".37"|".37"|0|8|15|0|0|0|0|0|0|0|0|0|13|20|27||||8|15|24|6.1|6.7|7.3||||||||||1.7|4.5|7.3|||||||||||||||||||||"22552765"|"66692405"
"H3"||"H"||3||112|||147|||35||0|0|0|0|0|0|95|97.5|100|90|95|100|85|92.5|100|25|57.5|90||50|||2|||2|||12|||22|||12|||29||||||||15|21|27||||0.5|0.75|1||||1.5|1.6|1.7|||||1.68|||4.23|9.17|14.11|0.1|0.14|0.18|||||28.5|||14.1|||36||0|1.5|2.9|10|25|40|0|10|20|0|2|18|".32"|".32"|0|15|30|0|0|0|0|0|0|0|0|0|7|12.5|18||||5|11|16|6.6|7.2|7.8||||||||||0|1.9|4.2|||||||||||||||||||||"22552765"|"66692406"
"H4"||"H"||4||147|||178|||31||0|0|0|0|0|0|90|95|100|85|92.5|100|55|77.5|100|0|37.5|75||60|||2|||2|||18|||26|||12|||30||||||||5|10|15||||0.5|0.75|1||||1.5|1.6|1.7|||||1.68|||4.23|9.17|14.11|0.05|0.1|0.14|||||22.3|||7.2|||36||0|1.5|2.9|0|20|40|0|7.5|15|0|0|11|".37"|".37"|5|18|30|0|0|0|0|0|0|0|0|0|3|7|11||||3|6|10|7.4|7.9|8.4||||||||||0|0|1.2|||||||||||||||||||||"22552765"|"66692407"
"H1"||"H"||1||0|||25|||25||0|0|0|0|0|0|100|100|100|100|100|100|95|97.5|100|85|92.5|100||17|||1|||2|||4|||5|||5|||55||||||||28|28|35||||3|4.5|6||||1.2|1.4|1.6|||||1.6|||4.23|9.17|14.11|0.18|0.21|0.24|||||33.7|||21.3|||43||3|4.5|5.9|35|45|55|10|20|30|8|20|34|".28"|".28"|0|0|0|0|0|0|0|0|0|0|0|0|19|26|33||||9|19|30|5.6|6.5|7.3||||||||||3.1|6.6|10.4|||||||||||||||||||||"22552913"|"66692833"
"H2"||"H"||2||25|||94|||69||0|0|0|0|0|0|100|100|100|100|100|100|95|97.5|100|85|92.5|100||12|||0|||1|||3|||4|||4|||55||||||||25|33|35||||1|2|3||||1.4|1.5|1.6|||||1.71|||4.23|9.17|14.11|0.18|0.19|0.2|||||34.3|||22.4|||40||3|4.5|5.9|25|45|65|4|22|40|2|22|46|".32"|".32"|0|0|0|0|0|0|0|0|0|0|0|0|13|20|27||||8|17|24|6.1|7|7.8||||||||||0.4|3.7|7.3|||||||||||||||||||||"22552913"|"66692834"
"H3"||"H"||3||94|||122|||28||0|0|0|0|1|1|95|97.5|100|90|95|100|85|90|95|55|67.5|80||34|||1|||3|||8|||13|||9|||41||||||||20|25|35||||0.5|0.75|1||||1.5|1.6|1.7|||||1.83|||4.23|9.17|14.11|0.15|0.17|0.19|||||30|||16.5|||36||3|4.5|5.9|20|35|50|5|17.5|30|0|9|24|".37"|".37"|0|13|25|0|0|0|0|0|0|0|0|0|9|16|23||||7|14|21|6.6|7.2|7.8||||||||||0|2.3|4.8|||||||||||||||||||||"22552913"|"66692835"
"H4"||"H"||4||122|||152|||30||0|1|1|0|2|3|90|95|100|85|91.5|98|75|82.5|90|45|57.5|70||40|||4|||5|||8|||14|||9|||43||||||||12|17|18||||0.5|0.75|1||||1.7|1.8|1.9|||||1.89|||0.42|0.92|1.41|0.02|0.07|0.12|||||22.8|||12.4|||28||0|1.5|2.9|15|22.5|30|0|7.5|15|0|1|8|".43"|".43"|0|20|40|0|0|0|0|0|0|0|0|0|5|10|15||||4|9|14|7.4|7.9|8.4||||||||||0|0|1.7|||||||||||||||||||||"22552913"|"66692836"
"H1"||"H"||1||0|||30|||30||0|0|0|0|0|0|100|100|100|100|100|100|95|97.5|100|85|92.5|100||15|||1|||2|||4|||4|||4|||54||||||||28|31|35||||3|4.5|6||||1.2|1.4|1.6|||||1.46|||4.23|9.17|14.11|0.21|0.22|0.23|||||34.5|||22.9|||43||0|1.5|2.9|35|45|55|10|20|30|8|20|34|".24"|".24"|0|0|0|0|0|0|0|0|0|0|0|0|17|22.5|28||||13|19|25|6.6|7|7.3||||||||||2.9|4.8|7.1|||||||||||||||||||||"22552914"|"66692837"
"H2"||"H"||2||30|||97|||67||0|0|0|0|0|0|100|100|100|100|100|100|95|97.5|100|90|95|100||12|||1|||1|||2|||5|||3|||55||||||||28|33|35||||0.5|1.25|2||||1.4|1.5|1.6|||||1.71|||4.23|9.17|14.11|0.18|0.19|0.2|||||33.7|||21.4|||41||3|4.5|5.9|40|52.5|65|20|30|40|18|31|46|".32"|".32"|0|0|0|0|0|0|0|0|0|0|0|0|12|18.5|25||||9|16|22|6.6|7|7.3||||||||||1.4|3.3|5.3|||||||||||||||||||||"22552914"|"66692838"
"H3"||"H"||3||97|||122|||25||0|0|0|0|0|0|95|97.5|100|95|97.5|100|85|92.5|100|60|77.5|95||35|||2|||4|||8|||12|||9|||47||||||||8|18|25||||0.5|0.75|1||||1.5|1.6|1.7|||||1.67|||4.23|9.17|14.11|0.17|0.18|0.19|||||27.6|||12.4|||37||0|1.5|2.9|20|30|40|0|10|20|0|6|20|".43"|".43"|0|15|30|0|0|0|0|0|0|0|0|0|4|10.5|17||||4|9|15|7.4|7.6|7.8||||||||||0|0.5|1.9|||||||||||||||||||||"22552914"|"66692839"
"H4"||"H"||4||122|||152|||30||0|0|0|0|0|0|90|95|100|85|92.5|100|55|77.5|100|0|37.5|75||60|||2|||5|||20|||25|||8|||30||||||||3|10|18||||0.5|0.75|1||||1.5|1.6|1.7|||||1.68|||4.23|9.17|14.11|0.08|0.11|0.13||16.8|||14|||7.8|||36||0|1.5|2.9|0|20|40|0|7.5|15|0|0|11|".32"|".32"|10|20|30|0|0|0|0|0|0|0|0|0|1|6.5|12||||1|6|11|7.9|8.2|8.4||||||||||0|0|0|||||||||||||||||||||"22552914"|"66692840"
"Ap"||"A"|||0|0|0|5|15|24|5|15|24|0|0|0|0|0|0|100|100|100|100|100|100|90|95|100|75|87|90|9|15|37|0|0|3|0|2|5|0|4|10|2|5|10|2|4|8|50|66|78|21|22|26|29|44|52|13|19|25|0|0|0|1|1.2|3||||1.3|1.45|1.6||||1.37|1.52|1.67|2.65|4.23|9.17|14.11|0.2|0.22|0.24||||24.8|28|32|8.9|12.6|18.4|37|42|48|1|1.8|3.5|20|32.5|40|3|9.5|15|0|8|15|".49"|".49"|0|0|0|0|0|0|0|0|0|0|0|2|7|13|21||||3|9|19|5.6|6.5|7.3||||||||||0.3|4|9.4|||||||||||||||||||||"22552834"|"66692607"
"Bt1"||"B"||1|5|15|24|20|33|46|10|18|25|0|0|0|0|0|0|100|100|100|100|100|100|90|95|100|75|83|90|5|18|20|0|0|3|0|3|5|0|7|10|0|6|10|0|2|8|50|56|67|38|38|45|12|18|22|24|26|30|0|0|0|0.5|0.75|1||||1.4|1.5|1.6||||1.61|1.71|1.78|2.66|4.23|9.17|14.11|0.16|0.18|0.2||||29.8|30.8|32.5|15.1|16.6|19.3|37|41|44|2.1|2.9|4.1|25|40|55|5|15.5|35|2|13|34|".37"|".37"|0|0|0|0|0|0|0|0|0|0|0|2|11|15.5|20||||5|9|18|5.6|6.1|7.3||||||||||0.7|5.3|7.9|||||||||||||||||||||"22552834"|"66692608"
"3Bt4"|3|"B"||4|94|107|130|114|122|140|8|15|30|0|0|0|0|1|1|95|97.5|100|90|95|100|80|82|95|55|59|70|30|40|52|0|2|4|2|4|6|11|16|20|8|13|18|4|5|8|28|38|50|13|18|20|15|20|30|18|22|25|0|0|0|0.5|0.75|1||||1.5|1.6|1.7||||1.58|1.68|1.75|2.67|1.41|2.82|4.23|0.17|0.19|0.19||||25.8|28.8|31.4|11.4|14.6|17.4|31|36|41|1.4|1.8|2.5|20|30|40|5|15|25|0|6|15|".37"|".37"|0|12|25|0|0|0|0|0|0|0|0|2|9.6|11.7|13.4||||6|11|15|6.6|7.4|7.8||||||||||0|0.8|3.6|||||||||||||||||||||"22552834"|"66692609"
"3Cd"|3|"C"|||114|122|140|152|200|200|38|78|86|0|1|1|0|2|3|90|95|100|85|92|98|65|78|90|40|58|70|35|40|51|0|2|8|2|4|10|8|16|20|5|13|18|1|5|10|31|42|50|9|12|14|22|30|36|15|18|22|0|0|0|0|0.25|0.5||||1.75|1.8|2||||1.84|1.89|2.09|2.68|0.07|0.216|1.41|0.02|0.03|0.04||||19.1|26.4|30.4|9.4|12.4|16.4|20|28|32|1|1.4|2.2|15|22.5|30|3|7.5|15|0|2|8|".43"|".43"|15|30|40|0|0|0|0|0|0|0|0|2|6|10|14||||5|9|13|7.4|8|8.4||||||||||0|0|1.1|||||||||||||||||||||"22552834"|"66692610"
"2Bt2"|2|"B"||2|20|33|46|50|76|90|25|43|60|0|0|0|0|1|1|85|92.5|100|75|87|98|55|73|90|40|52|65|30|40|60|0|1|5|2|4|10|8|18|22|5|12|15|1|5|10|15|35|50|9|15|20|6|20|30|20|25|30|0|0|0|0.5|0.75|1||||1.4|1.5|1.6||||1.63|1.73|1.81|2.66|4.23|9.17|14.11|0.17|0.18|0.19||||23.4|27.9|32.2|10.6|14.7|19.1|31|37|44|0.9|1.5|2.4|20|40|60|5|17.5|30|0|6|19|".28"|".28"|0|0|0|0|0|0|0|0|0|0|0|2||||5.9|7.9|10.3|2.7|6.7|10.1|4.5|5|6||||||||||2.4|8.3|11.9|||||||||||||||||||||"22552834"|"66692611"
"2Bt3"|2|"B"||3|50|76|90|94|107|130|15|31|44|0|0|0|0|1|1|85|92.5|100|75|87|98|45|74|90|20|54|60|30|40|60|0|1|5|2|4|10|8|18|22|5|12|15|1|5|10|15|35|50|9|15|20|6|20|30|20|25|30|0|0|0|0.5|0.75|1||||1.4|1.5|1.6||||1.63|1.73|1.81|2.66|4.23|9.17|14.11|0.14|0.16|0.18||||23.4|27.9|32.2|10.6|14.7|19.1|31|37|44|0.9|1.5|2.4|20|40|60|5|17.5|20|0|7|12|".37"|".37"|0|0|0|0|0|0|0|0|0|0|0|2||||5.9|7.9|10.3|4.3|7.6|10.1|5.1|5.5|6||||||||||2.4|6|9.1|||||||||||||||||||||"22552834"|"66692612"
"2BCt"|2|"BC"|||50|79|110|80|91|120|4|12|30|0|0|0|0|1|4|91|97|98|81|92|96|70|85|92|49|62|68|35|38|55|0|2.1|4|0|3|6|4|10|14|8|14|15|5|8.9|12|30|40|45|19|25|28|11|15|17|15|22|25|0|0|0|0|0.25|0.5||||1.6|1.7|1.8||||1.68|1.78|1.85|2.68|1.41|2.82|4.23|0.07|0.12|0.17||||21.9|28.2|30.8|8.6|14.4|17.3|26|33|37|1.1|1.8|2.4|25|32|36|9|14|17|1|6|10|".43"|".43"|0|12|20|0|0|0|0|0|0|0|0|2|7.6|11.5|13.2||||7.1|50.2|52.2|6.6|7.9|8.4||||||||||0|0|3.2|||||||||||||||||||||"22552835"|"66692613"
"2Cd"|2|"C"|||80|91|120|200|200|200|80|109|120|0|0|0|0|2|4|92|97|98|83|94|96|69|84|91|44|56|63|35|45|60|0|4|8|1|4|8|4|10|14|10|19|22|5|8|12|30|40|50|18|24|30|12|16|20|10|15|20|0|0|0|0|0.25|0.5||||1.75|1.85|2||||1.83|1.93|2.02|2.68|0.07|0.216|1.41|0.01|0.02|0.03||||15.1|25.6|29.3|6.3|10.9|15.2|20|28|32|0.6|1.1|1.4|21|26|31|6|10|13|0|3|6|".49"|".49"|20|30|45|0|0|0|0|0|0|0|0|2|5.1|7.9|10.6||||43.8|46.6|49.6|7.4|8.2|8.4||||||||||0|0|0.4|||||||||||||||||||||"22552835"|"66692614"
"Ap"||"A"|||0|0|0|8|17|24|8|17|24|0|0|0|0|0|0|100|100|100|100|100|100|89|96|100|75|84|92|9.1|18|36.8|0|1|4|0|2|4|2|4.6|8|3|6|8|0|4.4|6|51.3|64|78.1|30|37|45|21|27|33|7|18|26|0|0|0|1|2|3||||1.3|1.45|1.6||||1.37|1.52|1.67|2.64|4.23|9.17|14.11|0.2|0.22|0.24||||20.8|28.4|32.3|5.5|13.1|19|37|43|48|0.4|1.5|2.8|20|32|42|3|11|18|0|9|18|".43"|".43"|0|0|0|0|0|0|0|0|0|0|0|2|3.8|9.8|14.1||||2.4|7.9|14.1|5.6|5.9|7.3||||||||||0|5.6|8|||||||||||||||||||||"22552835"|"66692615"
"Bt"||"B"|||8|17|24|14|33|55|6|16|32|0|0|0|0|0|0|100|100|100|100|100|100|92|96|100|79|85|93|5|18|20|0|1|4|0|2|4|2|4|8|4|6|10|2|5|8|45|55|68|30|37|46|15|18|22|24|27|35|0|0|0|0.5|0.75|1||||1.4|1.5|1.6||||1.61|1.71|1.78|2.67|4.23|9.17|14.11|0.16|0.18|0.2||||29.8|31.2|34.2|15.1|17.2|22.3|38|42|45|1.5|1.9|3|34|37|45|16|18|25|11|15|25|".37"|".37"|0|0|0|0|0|0|0|0|0|0|0|2||||7.3|8.7|12.3|5.8|7.2|12.3|5.1|5.2|6.5||||||||||0.8|7.7|10|||||||||||||||||||||"22552835"|"66692616"
"2Bt"|2|"B"|||14|33|55|50|79|110|36|46|55|0|0|0|0|1|5|91|98|100|80|95|99|71|88|97|54|69|78|15|31|40|0|2|4|0|3|6|3|7|11|8|12|14|3|7|9|30|38|50|16|20|26|14|18|24|27|31|35|0|0|0|0|0.25|0.5||||1.4|1.55|1.7||||1.62|1.77|1.84|2.68|4.23|9.17|14.11|0.07|0.14|0.21||||26.6|32|34.6|14.8|19.8|23.3|29|39|45|2.6|3.6|4.5|36|41|45|19|22|25|7|13|19|".32"|".32"|0|0|0|0|0|0|0|0|0|0|0|2|13.6|16.2|18.4||||8.4|14.3|18.3|5.1|5.6|7.3||||||||||1|6.6|8.7|||||||||||||||||||||"22552835"|"66692617"
"Ap"||"A"|||0|0|0|15|20|25|15|20|25|0|0|0|0|0|0|95|100|100|85|100|100|76|96|100|65|85|93|10|18|30|0|1|4|1|2|2|1|4|9|2|6|17|1|5|14|50|64|75|14|18|56|5|46|48|10|18|24|0|0|0|1|2.5|3||||1.3|1.45|1.6||||1.37|1.52|1.67|2.63|4.23|9.17|14.11|0.17|0.21|0.26||||20.9|27.4|31.6|6.6|13.1|17.9|34|40|48|0.7|1.4|2.3|23|33|40|6|12|16|1|10|16|".43"|".43"|0|0|0|0|0|0|0|0|0|0|0|2|5.4|9.8|13.1||||2.2|8.1|13.1|5.1|6.2|7.3||||||||||0|5|9.2|||||||||||||||||||||"22552836"|"66692618"
"BE"||"BE"|||15|20|25|20|28|48|0|8|23|0|0|0|0|0|0|95|96|100|85|91|100|75|86|100|63|75|90|15|20|30|0|2|2|0|2|4|1|5|5|1|6|10|1|5|8|50|63|75|6|26|31|5|37|46|10|17|24|0|0|0|1|1.5|2||||1.3|1.45|1.6||||1.36|1.51|1.66|2.64|4.23|9.17|14.11|0.17|0.21|0.26||||20.9|26|30.8|6.5|11.3|16.5|34|41|48|0.7|1.3|2.3|23|30|38|6|11|16|1|7|15|".49"|".49"|0|0|0|0|0|0|0|0|0|0|0|2|5.4|9.2|13||||1.9|8|13|5.1|6.2|7.3||||||||||0|4.2|8.6|||||||||||||||||||||"22552836"|"66692619"
"Bt1"||"B"||1|20|28|48|31|36|73|0|8|25|0|0|0|0|0|0|95|97|100|86|92|100|76|85|97|66|75|87|15|20|30|0|3|3|0|3|9|0|4|5|1|5|10|1|5|8|50|55|65|6|22|31|5|33|46|20|25|26|0|0|0|0.5|0.75|1||||1.45|1.55|1.65||||1.55|1.65|1.68|2.66|4.23|9.17|14.11|0.16|0.2|0.24||||25.8|28.9|31.4|11.9|15.1|17.5|33|38|43|1|1.6|1.9|30|36|37|13|17|18|6|11|15|".49"|".49"|0|0|0|0|0|0|0|0|0|0|0|2||||5.9|7.9|8.7|4.4|7.6|8.7|5.1|5.5|7.3||||||||||0|6|8.3|||||||||||||||||||||"22552836"|"66692620"
"2Bt2"|2|"B"||2|31|36|73|40|71|134|9|35|61|0|1|1|0|1|3|91|95|100|77|86|100|69|82|100|61|72|92|10|18|30|0|2|3|1|2|9|0|4|8|0|5|18|1|5|12|35|42|55|12|17|18|6|25|36|35|40|45|0|0|0|0.5|0.75|1||||1.45|1.55|1.65||||1.66|1.76|1.86|2.68|4.23|9.17|14.11|0.07|0.14|0.21||||27.7|31.9|37.6|18.1|22.1|29.2|30|36|44|4.1|4.8|6.6|45|48|55|25|27|32|13|19|33|".32"|".32"|0|0|0|0|0|0|0|0|0|0|0|2|18.4|20.1|23.9||||12.6|18.2|23.7|5.1|6.2|7.3||||||||||2.3|6|10.2|||||||||||||||||||||"22552836"|"66692621"
"2BCt"|2|"BC"|||40|71|134|61|91|159|0|20|25|0|1|1|0|1|3|88|92|100|72|82|100|57|72|95|43|57|78|25|33.5|55|0|5|5|0|5|10|1|7|10|0|8|16|2|8.5|15|30|40.5|50|8|18|27|5|22.5|34|12|26|35|1|1|2|0|0.25|0.5||||1.55|1.65|1.75||||1.65|1.75|1.86|2.68|0.42|0.92|1.41|0.07|0.12|0.17||||18|26.4|35|6|13.8|23.8|25|32|40|0.6|1.7|3.6|22|33|44|6|15|24|0|6|18|".43"|".43"|5|23|40|0|0|0|0|0|0|0|0|2|5.6|11.8|17.4||||38.9|50.5|56.4|7.4|7.8|8.4||||||||||0|0|1.8|||||||||||||||||||||"22552836"|"66692622"
"2Cd"|2|"C"|||61|91|159|200|200|200|41|109|139|0|1|1|0|1|2|89|93|99|74|84|99|60|75|99|41|54|74|30|42|60|0|4|4|0|5|9|5|8|9|2|14|52|2|11|27|28|40.5|50|8|26|32|6|14.5|39|10|17.5|25|2|2|3|0|0.25|0.5||||1.75|1.85|2||||1.81|1.91|2.06|2.68|0.07|0.216|1.41|0.01|0.02|0.03||||13.5|21|28.9|5.6|11.6|19.1|18|26|33|0.4|1|2|20|27|35|4|10|16|0|3|10|".49"|".49"|20|35|50|0|0|0|0|0|0|0|0|2|4.1|8.2|11.7||||42.8|46.9|50.7|7.4|8.1|8.4||||||||||0|0|0.6|||||||||||||||||||||"22552836"|"66692623"
"Btg1"||"B"||1|15|36|44|61|91|102|46|55|58|0|0|0|0|0|0|100|100|100|100|100|100|95|97.5|100|85|90|95|8|12|18|0|0|0|0|1|3|1|3|6|2|4|7|2|4|9|47|55|65|20|37|45|8|18|22|25|33|35|0|0|0|1|1.5|2||||1.4|1.55|1.7||||1.62|1.77|1.84|2.58|4.23|9.17|14.11|0.14|0.16|0.21||||31|34.3|35.3|16.9|22.5|24.4|33|38|44|2.5|4.5|5.4|35|40|45|15|20|25|12|18|26|".32"|".32"|0|0|10|0|0|0|0|0|0|0|0|2|13|20|25||||8|16|22|6.1|6.8|7.8||||||||||0.4|4.1|6.7|||||||||||||||||||||"22552837"|"66692624"
"2Btg2"|2|"B"||2|61|91|102|110|150|180|49|59|78|0|0|0|0|0|1|95|97.5|100|85|92|98|76|86|95|55|65|80|20|34|44|0|1|3|1|3|6|2|8|10|3|13|15|3|9|11|21.5|41|60|15|30|40|6|11|20|20|25|35|0|0|0|0.5|0.75|1||||1.5|1.6|1.7||||1.74|1.84|1.92|2.6|4.23|5.65|7.06|0.12|0.14|0.16||||25.8|29.6|34.6|12.2|16.2|23.5|30|35|40|1.1|2.7|5.2|20|35|50|5|17.5|30|0|9|24|".37"|".37"|0|0|25|0|0|0|0|0|0|0|0|2|9|16|23||||7|14|21|6.6|7.2|8.4||||||||||0|2.3|4.8|||||||||||||||||||||"22552837"|"66692625"
"Ap"||"A"|||0|0|0|15|36|44|15|36|44|0|0|0|0|0|0|100|100|100|100|100|100|90|93|100|82|86|95|10|17|20|1|5|7|0|1|3|0|2|5|2|4|7|2|5|7|46.5|55|62|20|40|50|8|15|20|28|28|35|0|0|0|2|3.5|5||||1.2|1.45|1.65||||1.27|1.52|1.72|2.56|4.23|9.17|14.11|0.12|0.18|0.19||||32.8|33.4|36.4|18.8|20.7|26.5|33|41|50|3.1|4.2|6.2|35|42.5|50|10|20|30|8|18|31|".28"|".28"|0|0|0|0|0|0|0|0|0|0|0|2|15|23|31||||7|16|28|5.6|6.4|7.3||||||||||2.3|6.2|9.8|||||||||||||||||||||"22552837"|"66692626"
"2Cg"|2|"C"|||110|150|180|200|200|200|20|50|90|0|0|0|0|1|1|90|95|100|85|92|98|75|82|90|45|60|70|28|40|60|1|4|6|0|5|7|3|8|10|4|14|18|4|9|11|22.5|43|50|18|32|35|7|11|15|12|17|25|0|0|0|0.1|0.3|0.5||||1.5|1.65|1.75||||1.58|1.73|1.81|2.64|1.41|2.82|4.23|0.02|0.03|0.04||||21.4|25.7|27.7|7.2|11|12.5|29|34|40|0.7|1.3|2.3|15|28|30|7|11|12|0|4|6|".43"|".43"|15|28|40|0|0|0|0|0|0|0|0|2|5|8.5|12||||4|8|11|7.4|8|8.4||||||||||0|0|1.2|||||||||||||||||||||"22552837"|"66692627"
"H1"||"H"||1||0|||38|||38||0|0|0|0|0|0|100|100|100|100|100|100|95|97.5|100|80|90|100||10|||0|||1|||2|||3|||4|||54||||||||30|36|40||||3|5|6||||1.2|1.4|1.6|||||1.6|||4.23|9.17|14.11|0.2|0.23|0.26|||||35.6|||25|||43||3|4.5|5.9|35|45|55|10|20|30|7|19|34|".24"|".24"|0|0|0|0|0|0|0|0|0|0|0|0|24|30|36||||12|21|32|5.6|6.5|7.3||||||||||3.7|7|10.7|||||||||||||||||||||"22552915"|"66692841"
"H2"||"H"||2||38|||66|||28||0|0|0|0|0|0|100|100|100|100|100|100|95|97.5|100|85|92.5|100||8|||0|||0|||3|||2|||3|||52||||||||40|40|45||||1|2|3||||1.4|1.5|1.6|||||1.86|||1.41|2.82|4.23|0.11|0.16|0.2|||||32.1|||24.6|||40||6|7.5|8.9|45|55|65|20|30|40|18|31|46|".32"|".32"|0|0|0|0|0|0|0|0|0|0|0|0|18|25.5|33||||9|18|30|5.6|6.5|7.3||||||||||2.3|5.7|9.3|||||||||||||||||||||"22552915"|"66692842"
"H3"||"H"||3||66|||137|||71||0|0|0|0|0|0|100|100|100|100|100|100|95|97.5|100|70|85|100||8|||0|||0|||3|||2|||3|||52||||||||35|40|42||||0.5|1.25|2||||1.4|1.5|1.6|||||1.71|||1.41|2.82|4.23|0.12|0.15|0.18|||||31.5|||23.6|||41||3|4.5|5.9|20|42.5|65|5|22.5|40|0|19|46|".32"|".32"|0|10|20|0|0|0|0|0|0|0|0|0|15|22|29||||7|17|26|5.6|6.7|7.8||||||||||0.4|4.5|8.5|||||||||||||||||||||"22552915"|"66692843"
"H4"||"H"||4||137|||152|||15||0|0|0|0|0|0|100|100|100|100|100|100|85|92.5|100|70|85|100||40|||1|||2|||12|||14|||11|||35||||||||20|25|30||||0.5|0.75|1||||1.5|1.6|1.7|||||1.83|||1.41|2.82|4.23|0.16|0.18|0.2|||||31.1|||17.1|||37||3|4.5|5.9|20|40|60|0|15|30|0|13|36|".32"|".32"|20|30|40|0|0|0|0|0|0|0|0|0|9|14.5|20||||7|13|18|6.6|7.5|8.4||||||||||0|1.3|4.4|||||||||||||||||||||"22552915"|"66692844"
"H2"||"H"||2||38|||58|||20||0|0|0|0|0|0|100|100|100|100|100|100|85|92.5|100|70|85|100||9|||0|||1|||1|||3|||4|||61||||||||28|30|35||||1|1.5|2||||1.4|1.5|1.6|||||1.71|||4.23|9.17|14.11|0.14|0.18|0.21|||||32.9|||20|||41||3|4.5|5.9|20|42.5|65|5|17.5|30|0|15|38|".37"|".37"|0|0|0|0|0|0|0|0|0|0|0|0|13|19|25||||10|17|22|6.6|7.2|7.8||||||||||0.4|2.8|5.3|||||||||||||||||||||"22552773"|"66692432"
"H3"||"H"||3||58|||79|||21||0|0|0|0|0|0|100|100|100|100|100|100|95|97.5|100|70|85|100||20|||0|||2|||8|||7|||3|||60||||||||15|20|27||||0.5|0.75|1||||1.4|1.5|1.6|||||1.57|||4.23|9.17|14.11|0.15|0.18|0.2|||||28.3|||13|||41||0|1.5|2.9|25|32.5|40|0|7.5|15|0|6|17|".43"|".43"|0|15|30|0|0|0|0|0|0|0|0|0|7|13.5|20||||6|12|18|7.4|7.9|8.4||||||||||0|0|2.2|||||||||||||||||||||"22552773"|"66692433"
"H4"||"H"||4||79|||152|||73||0|0|0|0|1|1|90|95|100|75|87.5|100|55|77.5|100|25|62.5|100||50|||0|||2|||20|||18|||10|||30||||||||15|20|30||||0.5|0.75|1||||1.5|1.6|1.7|||||1.68|||4.23|9.17|14.11|0.08|0.12|0.15|||||26.5|||12.7|||34||0|1.5|2.9|10|30|50|0|12.5|25|0|5|29|".28"|".28"|20|25|30|0|0|0|0|0|0|0|0|0|7|13.5|20||||6|12|18|7.4|7.9|8.4||||||||||0|0|2.2|||||||||||||||||||||"22552773"|"66692434"
"H1"||"H"||1||0|||38|||38||0|0|0|0|0|0|100|100|100|100|100|100|95|97.5|100|85|92.5|100||9|||0|||1|||2|||3|||3|||60||||||||28|31|35||||4|4|6||||1.2|1.4|1.6|||||1.6|||4.23|9.17|14.11|0.21|0.24|0.26|||||34.9|||23.5|||43||3|4.5|5.9|35|45|55|10|20|30|8|20|34|".28"|".28"|0|0|0|0|0|0|0|0|0|0|0|0|21|27|33||||13|23|30|6.1|7|7.8||||||||||2.3|5.5|9|||||||||||||||||||||"22552773"|"66692435"
"H1"||"H"||1||0|||48|||48||0|0|0|0|0|0|100|100|100|100|100|100|95|97.5|100|80|90|100||8|||0|||1|||2|||3|||2|||57||||||||28|35|40||||4|5.5|7||||1.2|1.4|1.6|||||1.6|||1.41|2.82|4.23|0.21|0.22|0.23|||||36.2|||26.2|||42||3|4.5|5.9|35|45|55|10|20|30|7|19|34|".28"|".28"|0|0|0|0|0|0|0|0|0|0|0|0|21|29.5|38||||10|21|34|5.6|6.5|7.3||||||||||3.7|7.3|11.3|||||||||||||||||||||"22552774"|"66692436"
"H2"||"H"||2||48|||127|||79||0|0|0|0|0|0|100|100|100|100|100|100|95|97.5|100|80|90|100||2|||0|||0|||0|||1|||1|||58||||||||35|40|45||||2|3|4||||1.4|1.5|1.6|||||1.71|||0.42|0.92|1.41|0.11|0.16|0.2|||||32.7|||25.8|||40||3|4.5|5.9|40|52.5|65|15|27.5|40|12|27|46|".32"|".32"|0|15|30|0|0|0|0|0|0|0|0|0|18|26.5|35||||11|22|32|6.1|7|7.8||||||||||1.3|4.8|8.5|||||||||||||||||||||"22552774"|"66692437"
"H3"||"H"||3||127|||152|||25||0|0|0|0|0|0|100|100|100|95|97.5|100|95|97.5|100|70|85|100||2|||0|||0|||0|||1|||1|||66||||||||25|32|40||||1|1.5|2||||1.4|1.5|1.6|||||1.71|||1.41|2.82|4.23|0.15|0.18|0.2|||||33.1|||20.9|||40||3|4.5|5.9|25|37.5|50|0|12.5|25|0|11|29|".43"|".43"|10|20|30|0|0|0|0|0|0|0|0|0|12|20|28||||9|18|25|6.6|7.5|8.4||||||||||0|2.1|5.7|||||||||||||||||||||"22552774"|"66692438"
"H1"||"H"||1||0|||28|||28||0|0|0|0|0|0|100|100|100|100|100|100|90|95|100|75|87.5|100||15|||0|||1|||6|||4|||4|||62||||||||20|23|27||||2|3|5||||1.3|1.45|1.6|||||1.52|||4.23|9.17|14.11|0.18|0.21|0.24|||||31.3|||17.3|||42||0|1.5|2.9|25|32.5|40|4|9.5|15|1|8|17|".32"|".32"|0|0|0|0|0|0|0|0|0|0|0|0|16|21|26||||8|16|23|5.6|6.7|7.8||||||||||1|5|8.9|||||||||||||||||||||"22552921"|"66692856"
"H2"||"H"||2||28|||97|||69||0|0|0|0|0|0|100|100|100|100|100|100|90|95|100|75|87.5|100||10|||1|||2|||3|||3|||1|||60||||||||25|30|35||||0.5|1.25|2||||1.4|1.5|1.6|||||1.71|||4.23|9.17|14.11|0.18|0.19|0.2|||||32.7|||19.6|||41||3|4.5|5.9|25|40|55|5|20|35|2|17|39|".37"|".37"|0|0|0|0|0|0|0|0|0|0|0|0|11|18|25||||5|13|22|5.6|6.5|7.3||||||||||1.3|4.6|8.1|||||||||||||||||||||"22552921"|"66692857"
"H3"||"H"||3||97|||132|||35||0|0|0|0|0|0|90|95|100|85|92.5|100|55|75|95|0|37.5|75||14|||1|||1|||3|||4|||5|||66||||||||18|20|27||||0.5|0.75|1||||1.5|1.6|1.7|||||1.68|||4.23|9.17|14.11|0.15|0.17|0.19|||||27.6|||13.3|||36||0|1.5|2.9|0|20|40|0|7.5|15|0|0|11|".49"|".49"|0|10|20|0|0|0|0|0|0|0|0|0|9|14.5|20||||4|11|18|5.6|6.7|7.8||||||||||0|3.5|7.2|||||||||||||||||||||"22552921"|"66692858"
"H4"||"H"||4||132|||152|||20||0|0|0|0|0|0|90|95|100|85|92.5|100|55|77.5|100|0|37.5|75||40|||1|||2|||20|||12|||5|||45||||||||5|15|20||||0.5|0.75|1||||1.5|1.6|1.7|||||1.68|||4.23|9.17|14.11|0.11|0.16|0.2|||||25.2|||10.2|||36||0|1.5|2.9|0|20|40|0|7.5|15|0|0|11|".37"|".37"|15|28|40|0|0|0|0|0|0|0|0|0|7|13.5|20||||3|11|18|5.6|7|8.4||||||||||0|2.5|7.2|||||||||||||||||||||"22552921"|"66692859"
"H1"||"H"||1||0|||28|||28||0|0|0|0|0|0|100|100|100|100|100|100|90|95|100|75|87.5|100||16|||0|||2|||4|||6|||4|||62||||||||20|22|27||||2|3|4||||1.3|1.45|1.6|||||1.52|||4.23|9.17|14.11|0.18|0.21|0.24|||||30.9|||16.7|||42||0|1.5|2.9|25|32.5|40|4|9.5|15|1|8|17|".32"|".32"|0|0|0|0|0|0|0|0|0|0|0|0|12|18|24||||6|13|22|5.6|6.5|7.3||||||||||2|5.2|8.7|||||||||||||||||||||"22552923"|"66692860"
"H2"||"H"||2||28|||86|||58||0|0|0|0|0|0|100|100|100|100|100|100|95|97.5|100|75|87.5|100||10|||0|||1|||2|||3|||4|||59||||||||25|31|35||||0.5|1.25|2||||1.4|1.5|1.6|||||1.71|||4.23|9.17|14.11|0.18|0.19|0.2|||||33.1|||20.2|||41||3|4.5|5.9|25|40|55|5|20|35|2|17|39|".37"|".37"|0|0|0|0|0|0|0|0|0|0|0|0|12|18.5|25||||4|10|18|5.1|5.8|6.5||||||||||3.6|6.5|9.5|||||||||||||||||||||"22552923"|"66692861"
"H3"||"H"||3||86|||135|||49||0|0|0|0|1|1|95|97.5|100|90|95|100|85|90|95|55|67.5|80||45|||3|||5|||10|||17|||10|||28||||||||20|27|32||||0.5|0.75|1||||1.5|1.6|1.7|||||1.83|||1.41|2.82|4.23|0.12|0.14|0.16|||||31.3|||18.5|||36||3|4.5|5.9|35|42.5|50|15|20|25|5|12|21|".32"|".32"|0|8|15|0|0|0|0|0|0|0|0|0|9|15|21||||5|12|19|6.1|6.7|7.3||||||||||1.1|3.5|5.9|||||||||||||||||||||"22552923"|"66692862"
"H4"||"H"||4||135|||152|||17||0|1|1|0|2|3|90|95|100|85|91.5|98|75|82.5|90|45|57.5|70||45|||3|||4|||14|||16|||8|||40||||||||12|15|18||||0.5|0.75|1||||1.7|1.85|2|||||1.94|||0.07|0.74|1.41|0.02|0.03|0.04|||||21.4|||11.4|||26||0|1.5|2.9|15|22.5|30|0|7.5|15|0|1|8|".43"|".43"|5|18|30|0|0|0|0|0|0|0|0|0|7|12|17||||6|11|15|7.4|7.9|8.4||||||||||0|0|1.9|||||||||||||||||||||"22552923"|"66692863"
"H1"||"H"||1||0|||25|||25||0|0|0|0|0|0|100|100|100|100|100|100|90|95|100|75|87.5|100||6|||0|||0|||1|||2|||3|||70||||||||12|24|24||||1|1.5|2||||1.3|1.45|1.6|||||1.52|||4.23|9.17|14.11|0.18|0.21|0.24|||||30.4|||15.9|||42||0|1.5|2.9|25|32.5|40|4|9.5|15|1|8|17|".43"|".43"|0|0|0|0|0|0|0|0|0|0|0|0|7|12.5|18||||1|7|16|4.5|5.9|7.3||||||||||0.3|5.8|11.4|||||||||||||||||||||"22552871"|"66692711"
"H2"||"H"||2||25|||64|||39||0|0|0|0|0|0|100|100|100|100|100|100|90|95|100|75|87.5|100||8|||0|||0|||1|||1|||6|||61||||||||25|31|35||||0.5|0.75|1||||1.4|1.5|1.6|||||1.71|||4.23|9.17|14.11|0.18|0.19|0.2|||||32.7|||19.6|||41||3|4.5|5.9|30|40|50|5|20|35|3|17|37|".43"|".43"|0|0|0|0|0|0|0|0|0|0|0|0|9|15|21|8|13|20|2|6|12|4.5|5.3|6||||||||||3.3|8|12.8|||||||||||||||||||||"22552871"|"66692712"
"H3"||"H"||3||64|||117|||53||0|0|0|0|0|0|95|97.5|100|90|95|100|80|90|100|50|65|80||45|||2|||3|||9|||20|||11|||29||||||||20|26|32||||0.5|0.75|1||||1.5|1.6|1.7|||||1.83|||4.23|9.17|14.11|0.12|0.14|0.16|||||30.6|||17.2|||36||3|4.5|5.9|20|40|60|5|17.5|30|0|9|26|".28"|".28"|0|0|0|0|0|0|0|0|0|0|0|0|9|15|21||||3|10|19|5.1|6.2|7.3||||||||||0.3|5|9.6|||||||||||||||||||||"22552871"|"66692713"
"H4"||"H"||4||117|||170|||53||0|0|0|0|1|1|95|97.5|100|90|94|98|85|90|95|55|67.5|80||40|||2|||2|||12|||20|||4|||37||||||||18|23|27||||0.5|0.75|1||||1.5|1.6|1.7|||||1.68|||1.41|2.82|4.23|0.12|0.14|0.16|||||29|||15.1|||36||0|1.5|2.9|20|35|50|5|17.5|30|0|9|24|".32"|".32"|0|13|25|0|0|0|0|0|0|0|0|0|8|13|18||||6|12|16|6.6|7.2|7.8||||||||||0|1.6|4.6|||||||||||||||||||||"22552871"|"66692714"
"H5"||"H"||5||170|||203|||33||0|1|1|0|2|3|90|95|100|85|91.5|98|75|82.5|90|45|57.5|70||45|||2|||3|||9|||20|||11|||40||||||||12|15|18||||0|0.25|0.5||||1.7|1.85|2|||||1.94|||0.07|0.74|1.41|0.02|0.03|0.04|||||20.6|||10.6|||26||0|1.5|2.9|15|22.5|30|0|7.5|15|0|1|8|".49"|".49"|15|28|40|0|0|0|0|0|0|0|0|0|5|9|13||||4|8|12|7.4|7.9|8.4||||||||||0|0|0.9|||||||||||||||||||||"22552871"|"66692715"
"H1"||"H"||1||0|||41|||41||0|0|0|0|0|0|100|100|100|100|100|100|75|87.5|100|55|70|85||37|||3|||4|||8|||16|||6|||35||||||||28|28|33||||3|4|6||||1.3|1.45|1.6|||||1.65|||4.23|9.17|14.11|0.2|0.23|0.26|||||35.4|||24.6|||41||3|4.5|5.9|30|40|50|10|20|30|3|12|26|".15"|".15"|0|5|10|0|0|0|0|0|0|0|0|0|14|23|32||||9|19|29|6.1|7|7.8||||||||||1.2|4.9|8.9|||||||||||||||||||||"22552777"|"66692443"
"H2"||"H"||2||41|||81|||40||0|0|0|0|0|0|100|100|100|100|100|100|75|87.5|100|55|70|85||30|||3|||4|||6|||9|||8|||43||||||||22|27|35||||1|2|3||||1.5|1.6|1.7|||||1.83|||4.23|9.17|14.11|0.18|0.21|0.24|||||33.5|||21|||37||3|4.5|5.9|30|40|50|10|20|30|3|12|26|".32"|".32"|0|5|10|0|0|0|0|0|0|0|0|0|11|19|27||||7|17|24|6.1|7.3|8.4||||||||||0|2.7|7.3|||||||||||||||||||||"22552777"|"66692444"
"H3"||"H"||3||81|||152|||71||0|0|0|0|0|0|85|92.5|100|70|85|100|50|70|90|25|42.5|60||50|||3|||7|||15|||17|||8|||30||||||||10|20|30||||0.5|0.75|1||||1.5|1.6|1.7|||||1.68|||4.23|9.17|14.11|0.13|0.16|0.18|||||21|||13.1|||34||0|1.5|2.9|10|25|40|0|12.5|25|0|1|11|".28"|".28"|0|15|30|0|0|0|0|0|0|0|0|0|5|12.5|20||||4|11|18|6.6|7.5|8.4||||||||||0|1|4.4|||||||||||||||||||||"22552777"|"66692445"
"H1"||"H"||1||0|||25|||25||0|0|0|0|0|0|100|100|100|100|100|100|90|95|100|75|87.5|100||18|||2|||2|||4|||5|||5|||67||||||||14|15|27||||1|2|3||||1.3|1.45|1.6|||||1.52|||4.23|9.17|14.11|0.18|0.21|0.24|||||27|||11.4|||42||0|1.5|2.9|25|32.5|40|4|9.5|15|1|8|17|".43"|".43"|0|0|0|0|0|0|0|0|0|0|0|0|9|15.5|22||||3|10|20|5.1|6.2|7.3||||||||||0.7|5.9|11.1|||||||||||||||||||||"22552928"|"66692875"
"H2"||"H"||2||25|||97|||72||0|0|0|0|0|0|100|100|100|100|100|100|90|95|100|80|90|100||9|||0|||1|||1|||2|||5|||60||||||||28|31|35||||0.5|0.75|1||||1.4|1.5|1.6|||||1.71|||4.23|9.17|14.11|0.18|0.19|0.2|||||32.7|||19.6|||41||3|4.5|5.9|35|45|55|15|25|35|11|23|39|".43"|".43"|0|0|0|0|0|0|0|0|0|0|0|0|12|17.5|23||||4|9|16|5.1|5.8|6.5||||||||||3.3|6.6|10|||||||||||||||||||||"22552928"|"66692876"
"H3"||"H"||3||97|||142|||45||0|0|0|0|0|0|90|95|100|85|92.5|100|60|77.5|95|25|55|85||35|||1|||2|||9|||13|||10|||45||||||||18|20|27||||0.5|0.75|1||||1.5|1.6|1.7|||||1.68|||4.23|9.17|14.11|0.16|0.18|0.19|||||27.6|||13.3|||36||0|1.5|2.9|10|25|40|0|10|20|0|2|17|".43"|".43"|0|10|20|0|0|0|0|0|0|0|0|0|8|14|20||||3|10|18|5.1|6.5|7.8||||||||||0|3.9|9.4|||||||||||||||||||||"22552928"|"66692877"
"H4"||"H"||4||142|||178|||36||0|0|0|0|0|0|90|95|100|85|92.5|100|55|77.5|100|0|37.5|75||41|||2|||4|||8|||15|||12|||50||||||||5|9|20||||0|0.25|0.5||||1.5|1.6|1.7|||||1.68|||4.23|9.17|14.11|0.08|0.13|0.18||20.8|||15.8|||6.5|||36||0|1.5|2.9|0|20|40|0|7.5|15|0|0|11|".55"|".55"|15|28|40|0|0|0|0|0|0|0|0|0|2|7.5|13||||1|5|12|5.1|6.5|7.8||||||||||0|2.2|7.6|||||||||||||||||||||"22552928"|"66692878"
"H1"||"H"||||0|||25|||25||0|0|0|0|0|0|100|100|100|100|100|100|90|95|100|75|87.5|100|8|17|28||1|||2|||5|||6|||3||55|69|80|||||||8|14|22||||1|2.5|3||||1.3|1.45|1.6||||1.37|1.52|1.67||4.23|9.17|14.11|0.18|0.21|0.24||||21.6|27.1|30.9|6|11.5|16.7|36|41|47|0|1.5|2.9|25|32.5|40|4|9.5|15|1|8|17|".43"|".43"|0|0|0|0|0|0|0|0|0|0|0|0|7|13|19||||2|8|17|5.1|6.2|7.3||||||||||0.3|5.4|10.4|||||||||||||||||||||"22552930"|"66692879"
"H2"||"H"||2||25|||99|||74||0|0|0|0|0|0|100|100|100|100|100|100|90|95|100|75|87.5|100||10|||0|||1|||3|||4|||2|||61||||||||25|29|35||||0.5|0.75|1||||1.4|1.5|1.6|||||1.71|||4.23|9.17|14.11|0.18|0.19|0.2|||||32|||18.4|||41||3|4.5|5.9|25|40|55|5|20|35|2|17|39|".43"|".43"|0|0|0|0|0|0|0|0|0|0|0|0|10|16.5|23||||2|8|16|4.5|5.5|6.5||||||||||2.9|7.3|11.7|||||||||||||||||||||"22552930"|"66692880"
"H3"||"H"||3||99|||137|||38||0|0|0|0|0|0|95|97.5|100|90|95|100|85|90|95|55|67.5|80||40|||2|||3|||10|||15|||10|||32||||||||18|28|32||||0.5|0.75|1||||1.5|1.6|1.7|||||1.83|||4.23|9.17|14.11|0.12|0.14|0.16|||||31.8|||19.3|||36||3|4.5|5.9|20|35|50|5|17.5|30|0|9|24|".32"|".32"|0|5|10|0|0|0|0|0|0|0|0|0|11|17|23||||4|12|21|5.1|6.5|7.8||||||||||0|4.5|10|||||||||||||||||||||"22552930"|"66692881"
"H4"||"H"||4||137|||152|||15||0|0|0|0|1|3|90|95|100|78|82|85|65|77.5|85|45|57.5|70||45|||2|||3|||12|||18|||10|||40||||||||12|15|18||||0.5|0.75|1||||1.7|1.85|2|||||1.95|||0.07|0.74|1.41|0.02|0.03|0.04|||||20|||10.7|||24||0|1.5|2.9|15|22.5|30|0|7.5|15|0|1|8|".43"|".43"|15|25|35|0|0|0|0|0|0|0|0|0|9|13.5|18||||8|12|16|7.4|7.9|8.4||||||||||0|0|2.2|||||||||||||||||||||"22552930"|"66692882"
"H1"||"H"||1||0|||23|||23||0|0|0|0|0|0|100|100|100|100|100|100|90|95|100|75|87.5|100||15|||0|||2|||4|||5|||4|||64||||||||15|21|27||||1|2|3||||1.3|1.45|1.6|||||1.52|||4.23|9.17|14.11|0.18|0.21|0.24|||||29.6|||14.8|||42||0|1.5|2.9|25|32.5|40|4|9.5|15|1|8|17|".43"|".43"|0|0|0|0|0|0|0|0|0|0|0|0|6|12|18||||2|8|16|5.1|6.2|7.3||||||||||0|5.1|10.2|||||||||||||||||||||"22552878"|"66692730"
"H2"||"H"||2||23|||86|||63||0|0|0|0|0|0|100|100|100|100|100|100|90|95|100|75|87.5|100||17|||0|||2|||4|||7|||4|||55||||||||25|28|34||||0.5|0.75|1||||1.4|1.5|1.6|||||1.71|||4.23|9.17|14.11|0.18|0.2|0.22|||||31.6|||17.8|||41||3|4.5|5.9|25|37.5|50|5|20|35|2|17|37|".37"|".37"|0|0|0|0|0|0|0|0|0|0|0|0|9|15.5|22||||2|7|16|4.5|5.5|6.5||||||||||2.7|7.1|11.5|||||||||||||||||||||"22552878"|"66692731"
"H3"||"H"||3||86|||114|||28||0|0|0|0|0|0|90|95|100|85|92.5|100|80|87.5|95|25|50|75||60|||3|||10|||23|||20|||4|||20||||||||10|20|30||||0.5|0.75|1||||1.5|1.6|1.7|||||1.68|||4.23|9.17|14.11|0.12|0.14|0.16|||||22.2|||13.9|||36||0|1.5|2.9|10|35|60|0|15|30|0|4|24|".24"|".24"|0|0|0|0|0|0|0|0|0|0|0|0|6|13|20|5|12.5|20|1|5|12|4.5|5.3|6||||||||||0.5|5.9|11.9|||||||||||||||||||||"22552878"|"66692732"
"H4"||"H"||4||114|||147|||33||0|0|0|0|1|1|95|97.5|100|90|95|100|85|90|95|55|62.5|70||40|||1|||2|||11|||16|||10|||40||||||||15|20|25||||0.5|0.75|1||||1.5|1.6|1.7|||||1.68|||1.41|2.82|4.23|0.04|0.08|0.12|||||27.9|||13.4|||36||0|1.5|2.9|20|30|40|5|15|25|0|6|15|".43"|".43"|0|13|25|0|0|0|0|0|0|0|0|0|7|12|17||||4|9|15|6.1|6.7|7.3||||||||||0|2.9|5.8|||||||||||||||||||||"22552878"|"66692733"
"H5"||"H"||5||147|||152|||5||0|1|1|0|2|3|90|95|100|85|91.5|98|75|82.5|90|45|57.5|70||45|||2|||3|||12|||18|||10|||40||||||||12|15|18||||0.5|0.75|1||||1.7|1.85|2|||||1.94|||0.07|0.74|1.41|0.02|0.03|0.04|||||21.4|||11.4|||26||0|1.5|2.9|15|22.5|30|0|7.5|15|0|1|8|".43"|".43"|15|28|40|0|0|0|0|0|0|0|0|0|5|9.5|14||||4|9|13|7.4|7.9|8.4||||||||||0|0|1.4|||||||||||||||||||||"22552878"|"66692734"
"H1"||"H"||1||0|||23|||23||0|0|0|0|0|0|100|100|100|100|100|100|90|95|100|75|87.5|100||17|||1|||2|||3|||6|||5|||67||||||||15|16|27||||2|3|4||||1.3|1.45|1.6|||||1.52|||4.23|9.17|14.11|0.18|0.21|0.24|||||28.6|||13.4|||42||0|1.5|2.9|25|32.5|40|4|9.5|15|1|8|17|".43"|".43"|0|0|0|0|0|0|0|0|0|0|0|0|11|17.5|24||||4|13|22|5.1|6.5|7.8||||||||||0.3|6|12.1|||||||||||||||||||||"22552881"|"66692738"
"H2"||"H"||2||23|||94|||71||0|0|0|0|0|0|100|100|100|100|100|100|90|95|100|80|90|100||9|||1|||1|||2|||2|||3|||64||||||||25|27|35||||0.5|1.25|2||||1.4|1.5|1.6|||||1.71|||4.23|9.17|14.11|0.14|0.18|0.21|||||31.6|||17.9|||41||3|4.5|5.9|35|45|55|15|25|35|11|23|39|".43"|".43"|0|0|0|0|0|0|0|0|0|0|0|0|11|18|25||||4|11|22|5.1|6.2|7.3||||||||||0.7|5.9|11|||||||||||||||||||||"22552881"|"66692739"
"H3"||"H"||3||94|||124|||30||0|0|0|0|0|0|95|97.5|100|90|95|100|75|85|95|25|50|75||45|||1|||3|||15|||17|||9|||30||||||||18|25|35||||0.5|0.75|1||||1.5|1.6|1.7|||||1.83|||4.23|9.17|14.11|0.12|0.16|0.19|||||30.2|||16.6|||36||3|4.5|5.9|10|35|60|0|15|30|0|4|24|".28"|".28"|0|10|20|0|0|0|0|0|0|0|0|0|8|15.5|23||||3|10|21|5.1|6.2|7.3||||||||||0.1|5.1|10|||||||||||||||||||||"22552881"|"66692740"
"H4"||"H"||4||124|||152|||28||0|0|0|0|0|0|90|95|100|85|92.5|100|55|77.5|100|0|37.5|75||48|||2|||4|||10|||17|||15|||40||||||||5|12|20||||0.5|0.75|1||||1.5|1.6|1.7|||||1.68|||4.23|9.17|14.11|0.09|0.11|0.12|||||23.5|||8.4|||36||0|1.5|2.9|0|20|40|0|7.5|15|0|0|11|".43"|".43"|15|28|40|0|0|0|0|0|0|0|0|0|5|11|17||||2|9|15|5.6|7|8.4||||||||||0|1.8|7.3|||||||||||||||||||||"22552881"|"66692741"
"H1"||"H"||1||0|||23|||23||0|0|0|0|0|0|100|100|100|100|100|100|90|95|100|75|87.5|100||17|||1|||2|||5|||6|||3|||65||||||||15|18|27||||2|3|4||||1.3|1.45|1.6|||||1.52|||4.23|9.17|14.11|0.22|0.23|0.24|||||28.6|||13.4|||42||0|1.5|2.9|25|32.5|40|4|9.5|15|1|8|17|".37"|".37"|0|0|0|0|0|0|0|0|0|0|0|0|13|19.5|26||||5|10|19|5.1|5.8|6.5||||||||||4.5|8.5|12.5|||||||||||||||||||||"22552882"|"66692742"
"H2"||"H"||2||23|||69|||46||0|0|0|0|0|0|100|100|100|100|100|100|90|95|100|75|87.5|100||6|||0|||1|||1|||2|||2|||58||||||||25|36|40||||0.5|1.25|2||||1.4|1.5|1.6|||||1.71|||4.23|9.17|14.11|0.18|0.19|0.2|||||34.7|||23.2|||41||3|4.5|5.9|35|50|65|15|27.5|40|10|25|46|".32"|".32"|0|0|0|0|0|0|0|0|0|0|0|0|12|20|28|10|17|24|2|8|16|4.5|5.3|6||||||||||3.3|9.6|15.1|||||||||||||||||||||"22552882"|"66692743"
"H3"||"H"||3||69|||132|||63||0|0|0|0|1|1|95|97.5|100|90|95|100|85|90|95|55|67.5|80||34|||2|||4|||8|||13|||7|||42||||||||15|24|40||||0.5|0.75|1||||1.5|1.6|1.7|||||1.83|||4.23|9.17|14.11|0.12|0.14|0.16|||||29.6|||15.8|||36||3|4.5|5.9|20|35|50|5|17.5|30|0|9|24|".32"|".32"|0|13|25|0|0|0|0|0|0|0|0|0|12|19|26||||6|15|23|5.6|6.7|7.8||||||||||0|4.3|9.1|||||||||||||||||||||"22552882"|"66692744"
"H4"||"H"||4||132|||152|||20||0|1|1|0|2|3|90|95|100|85|91.5|98|75|82.5|90|45|57.5|70||45|||3|||6|||10|||17|||9|||40||||||||12|15|18||||0.5|0.75|1||||1.7|1.85|2|||||1.94|||0.07|0.74|1.41|0.02|0.03|0.04|||||21.4|||11.4|||26||0|1.5|2.9|15|22.5|30|0|7.5|15|0|1|8|".43"|".43"|15|28|40|0|0|0|0|0|0|0|0|0|8|13|18||||7|12|16|7.4|7.9|8.4||||||||||0|0|2.2|||||||||||||||||||||"22552882"|"66692745"
"H1"||"H"||1||0|||25|||25||0|0|0|0|0|0|100|100|100|100|100|100|90|95|100|75|87.5|100||15|||7|||1|||2|||3|||2|||65||||||||18|20|27||||1|7|10||||1.2|1.4|1.6|||||1.46|||4.23|9.17|14.11|0.22|0.23|0.24|||||29.9|||15.2|||43||0|1.5|2.9|25|32.5|40|4|9.5|15|1|8|17|".37"|".37"|0|0|0|0|0|0|0|0|0|0|0|0|10|19|28||||9|17|25|7.4|7.9|8.4||||||||||0|2.6|10.5|||||||||||||||||||||"22552833"|"66692603"
"H2"||"H"||2||25|||69|||44||0|0|0|0|0|0|100|100|100|95|97.5|100|90|95|100|75|87.5|100||10|||1|||2|||3|||2|||2|||69||||||||15|21|27||||0.5|1.25|2||||1.4|1.5|1.6|||||1.57|||1.41|2.82|4.23|0.18|0.19|0.2|||||28.8|||14.1|||40||0|1.5|2.9|25|32.5|40|4|9.5|15|1|8|17|".49"|".49"|0|0|0|0|0|0|0|0|0|0|0|0|12|20|28||||7|15|25|6.1|6.7|7.3||||||||||0.9|8.2|15.4|||||||||||||||||||||"22552833"|"66692604"
"Oa3"||"O"||3||69|||137|||68||0|0|0|0|0|0|100|100|100|100|100|100||||||||||||||||||||||||||||||||||0|0|0||||55|65|75||||0.1|0.2|0.3||||||||1.41|21.88|42.34|0.35|0.4|0.45|||||50|||33|||68|||||0|0|0|0|0|0|0|0|0|||0|0|0|0|0|0|0|0|0|0|0|0|150|175|200||||72|125|180|5.6|6.5|7.3||||||||||23.5|37.4|52.4|||||||||||||||||||||"22552833"|"66692605"
"Lco"||"L"||||137|||152|||15||0|0|0|0|0|0|100|100|100|100|100|100||||||||||||||||||||||||||||||||||0|0|0||||5|12.5|20||||0.5|0.85|1.2|||||0.97|||4.23|23.29|42.34||||||||||||||61||3|4.5|5.9|0|0|0|||||||||0|0|0|0|0|0|0|0|0|0|0|0|15|32.5|50||||5|21|45|5.1|6.2|7.3||||||||||4.2|21.4|38.7|||||||||||||||||||||"22552833"|"66692606"
